    0.4013    0.0997    0.9105
    0.3069    0.1681    0.9368
    0.1373    0.0987    0.9856
    0.2934    0.3513    0.8891
         0    0.1830    0.9831
         0    0.3568    0.9342
   -0.1557    0.4350    0.8869
    0.1557    0.4350    0.8869
   -0.1373    0.0987    0.9856
   -0.3069    0.1681    0.9368
   -0.4013    0.0997    0.9105
   -0.2934    0.3513    0.8891
    0.1561    0.5734    0.8043
         0    0.6647    0.7471
   -0.1561    0.5734    0.8043
         0    0.7491    0.6624
    0.4013   -0.0997    0.9105
    0.3069   -0.1681    0.9368
    0.2934   -0.3513    0.8891
    0.1373   -0.0987    0.9856
    0.1557   -0.4350    0.8869
         0   -0.3568    0.9342
   -0.1557   -0.4350    0.8869
         0   -0.1830    0.9831
    0.1561   -0.5734    0.8043
         0   -0.6647    0.7471
         0   -0.7491    0.6624
   -0.1561   -0.5734    0.8043
   -0.1373   -0.0987    0.9856
   -0.3069   -0.1681    0.9368
   -0.2934   -0.3513    0.8891
   -0.4013   -0.0997    0.9105
    0.4013    0.0997   -0.9105
    0.3069    0.1681   -0.9368
    0.2934    0.3513   -0.8891
    0.1373    0.0987   -0.9856
    0.1557    0.4350   -0.8869
         0    0.3568   -0.9342
   -0.1557    0.4350   -0.8869
         0    0.1830   -0.9831
    0.1561    0.5734   -0.8043
         0    0.6647   -0.7471
         0    0.7491   -0.6624
   -0.1561    0.5734   -0.8043
   -0.1373    0.0987   -0.9856
   -0.3069    0.1681   -0.9368
   -0.2934    0.3513   -0.8891
   -0.4013    0.0997   -0.9105
    0.4013   -0.0997   -0.9105
    0.3069   -0.1681   -0.9368
    0.1373   -0.0987   -0.9856
    0.2934   -0.3513   -0.8891
         0   -0.1830   -0.9831
         0   -0.3568   -0.9342
   -0.1557   -0.4350   -0.8869
    0.1557   -0.4350   -0.8869
   -0.1373   -0.0987   -0.9856
   -0.3069   -0.1681   -0.9368
   -0.4013   -0.0997   -0.9105
   -0.2934   -0.3513   -0.8891
    0.1561   -0.5734   -0.8043
         0   -0.6647   -0.7471
   -0.1561   -0.5734   -0.8043
         0   -0.7491   -0.6624
    0.9105    0.4013    0.0997
    0.9368    0.3069    0.1681
    0.9856    0.1373    0.0987
    0.8891    0.2934    0.3513
    0.9831         0    0.1830
    0.9342         0    0.3568
    0.8869   -0.1557    0.4350
    0.8869    0.1557    0.4350
    0.9856   -0.1373    0.0987
    0.9368   -0.3069    0.1681
    0.9105   -0.4013    0.0997
    0.8891   -0.2934    0.3513
    0.8043    0.1561    0.5734
    0.7471         0    0.6647
    0.8043   -0.1561    0.5734
    0.6624         0    0.7491
    0.9105    0.4013   -0.0997
    0.9368    0.3069   -0.1681
    0.8891    0.2934   -0.3513
    0.9856    0.1373   -0.0987
    0.8869    0.1557   -0.4350
    0.9342         0   -0.3568
    0.8869   -0.1557   -0.4350
    0.9831         0   -0.1830
    0.8043    0.1561   -0.5734
    0.7471         0   -0.6647
    0.6624         0   -0.7491
    0.8043   -0.1561   -0.5734
    0.9856   -0.1373   -0.0987
    0.9368   -0.3069   -0.1681
    0.8891   -0.2934   -0.3513
    0.9105   -0.4013   -0.0997
   -0.9105   -0.4013    0.0997
   -0.9368   -0.3069    0.1681
   -0.9856   -0.1373    0.0987
   -0.8891   -0.2934    0.3513
   -0.9831         0    0.1830
   -0.9342         0    0.3568
   -0.8869    0.1557    0.4350
   -0.8869   -0.1557    0.4350
   -0.9856    0.1373    0.0987
   -0.9368    0.3069    0.1681
   -0.9105    0.4013    0.0997
   -0.8891    0.2934    0.3513
   -0.8043   -0.1561    0.5734
   -0.7471         0    0.6647
   -0.8043    0.1561    0.5734
   -0.6624         0    0.7491
   -0.9105   -0.4013   -0.0997
   -0.9368   -0.3069   -0.1681
   -0.8891   -0.2934   -0.3513
   -0.9856   -0.1373   -0.0987
   -0.8869   -0.1557   -0.4350
   -0.9342         0   -0.3568
   -0.8869    0.1557   -0.4350
   -0.9831         0   -0.1830
   -0.8043   -0.1561   -0.5734
   -0.7471         0   -0.6647
   -0.6624         0   -0.7491
   -0.8043    0.1561   -0.5734
   -0.9856    0.1373   -0.0987
   -0.9368    0.3069   -0.1681
   -0.8891    0.2934   -0.3513
   -0.9105    0.4013   -0.0997
    0.0997    0.9105    0.4013
    0.1681    0.9368    0.3069
    0.0987    0.9856    0.1373
    0.3513    0.8891    0.2934
    0.1830    0.9831         0
    0.3568    0.9342         0
    0.4350    0.8869   -0.1557
    0.4350    0.8869    0.1557
    0.0987    0.9856   -0.1373
    0.1681    0.9368   -0.3069
    0.0997    0.9105   -0.4013
    0.3513    0.8891   -0.2934
    0.5734    0.8043    0.1561
    0.6647    0.7471         0
    0.5734    0.8043   -0.1561
    0.7491    0.6624         0
   -0.0997    0.9105    0.4013
   -0.1681    0.9368    0.3069
   -0.3513    0.8891    0.2934
   -0.0987    0.9856    0.1373
   -0.4350    0.8869    0.1557
   -0.3568    0.9342         0
   -0.4350    0.8869   -0.1557
   -0.1830    0.9831         0
   -0.5734    0.8043    0.1561
   -0.6647    0.7471         0
   -0.7491    0.6624         0
   -0.5734    0.8043   -0.1561
   -0.0987    0.9856   -0.1373
   -0.1681    0.9368   -0.3069
   -0.3513    0.8891   -0.2934
   -0.0997    0.9105   -0.4013
    0.0997   -0.9105    0.4013
    0.1681   -0.9368    0.3069
    0.3513   -0.8891    0.2934
    0.0987   -0.9856    0.1373
    0.4350   -0.8869    0.1557
    0.3568   -0.9342         0
    0.4350   -0.8869   -0.1557
    0.1830   -0.9831         0
    0.5734   -0.8043    0.1561
    0.6647   -0.7471         0
    0.7491   -0.6624         0
    0.5734   -0.8043   -0.1561
    0.0987   -0.9856   -0.1373
    0.1681   -0.9368   -0.3069
    0.3513   -0.8891   -0.2934
    0.0997   -0.9105   -0.4013
   -0.0997   -0.9105    0.4013
   -0.1681   -0.9368    0.3069
   -0.0987   -0.9856    0.1373
   -0.3513   -0.8891    0.2934
   -0.1830   -0.9831         0
   -0.3568   -0.9342         0
   -0.4350   -0.8869   -0.1557
   -0.4350   -0.8869    0.1557
   -0.0987   -0.9856   -0.1373
   -0.1681   -0.9368   -0.3069
   -0.0997   -0.9105   -0.4013
   -0.3513   -0.8891   -0.2934
   -0.5734   -0.8043    0.1561
   -0.6647   -0.7471         0
   -0.5734   -0.8043   -0.1561
   -0.7491   -0.6624         0
    0.1614    0.8108    0.5627
    0.2721    0.7686    0.5790
    0.4122    0.7905    0.4530
    0.3158    0.6344    0.7056
    0.5481    0.7038    0.4519
    0.5774    0.5774    0.5774
    0.7038    0.4519    0.5481
    0.4519    0.5481    0.7038
    0.6344    0.7056    0.3158
    0.7686    0.5790    0.2721
    0.8108    0.5627    0.1614
    0.7905    0.4530    0.4122
    0.4530    0.4122    0.7905
    0.5790    0.2721    0.7686
    0.7056    0.3158    0.6344
    0.5627    0.1614    0.8108
    0.1614    0.8108   -0.5627
    0.2721    0.7686   -0.5790
    0.3158    0.6344   -0.7056
    0.4122    0.7905   -0.4530
    0.4519    0.5481   -0.7038
    0.5774    0.5774   -0.5774
    0.7038    0.4519   -0.5481
    0.5481    0.7038   -0.4519
    0.4530    0.4122   -0.7905
    0.5790    0.2721   -0.7686
    0.5627    0.1614   -0.8108
    0.7056    0.3158   -0.6344
    0.6344    0.7056   -0.3158
    0.7686    0.5790   -0.2721
    0.7905    0.4530   -0.4122
    0.8108    0.5627   -0.1614
    0.5627   -0.1614    0.8108
    0.5790   -0.2721    0.7686
    0.7056   -0.3158    0.6344
    0.4530   -0.4122    0.7905
    0.7038   -0.4519    0.5481
    0.5774   -0.5774    0.5774
    0.5481   -0.7038    0.4519
    0.4519   -0.5481    0.7038
    0.7905   -0.4530    0.4122
    0.7686   -0.5790    0.2721
    0.8108   -0.5627    0.1614
    0.6344   -0.7056    0.3158
    0.3158   -0.6344    0.7056
    0.2721   -0.7686    0.5790
    0.4122   -0.7905    0.4530
    0.1614   -0.8108    0.5627
    0.5627   -0.1614   -0.8108
    0.5790   -0.2721   -0.7686
    0.4530   -0.4122   -0.7905
    0.7056   -0.3158   -0.6344
    0.4519   -0.5481   -0.7038
    0.5774   -0.5774   -0.5774
    0.5481   -0.7038   -0.4519
    0.7038   -0.4519   -0.5481
    0.3158   -0.6344   -0.7056
    0.2721   -0.7686   -0.5790
    0.1614   -0.8108   -0.5627
    0.4122   -0.7905   -0.4530
    0.7905   -0.4530   -0.4122
    0.7686   -0.5790   -0.2721
    0.6344   -0.7056   -0.3158
    0.8108   -0.5627   -0.1614
   -0.5627    0.1614    0.8108
   -0.5790    0.2721    0.7686
   -0.7056    0.3158    0.6344
   -0.4530    0.4122    0.7905
   -0.7038    0.4519    0.5481
   -0.5774    0.5774    0.5774
   -0.5481    0.7038    0.4519
   -0.4519    0.5481    0.7038
   -0.7905    0.4530    0.4122
   -0.7686    0.5790    0.2721
   -0.8108    0.5627    0.1614
   -0.6344    0.7056    0.3158
   -0.3158    0.6344    0.7056
   -0.2721    0.7686    0.5790
   -0.4122    0.7905    0.4530
   -0.1614    0.8108    0.5627
   -0.5627    0.1614   -0.8108
   -0.5790    0.2721   -0.7686
   -0.4530    0.4122   -0.7905
   -0.7056    0.3158   -0.6344
   -0.4519    0.5481   -0.7038
   -0.5774    0.5774   -0.5774
   -0.5481    0.7038   -0.4519
   -0.7038    0.4519   -0.5481
   -0.3158    0.6344   -0.7056
   -0.2721    0.7686   -0.5790
   -0.1614    0.8108   -0.5627
   -0.4122    0.7905   -0.4530
   -0.7905    0.4530   -0.4122
   -0.7686    0.5790   -0.2721
   -0.6344    0.7056   -0.3158
   -0.8108    0.5627   -0.1614
   -0.5627   -0.1614    0.8108
   -0.5790   -0.2721    0.7686
   -0.4530   -0.4122    0.7905
   -0.7056   -0.3158    0.6344
   -0.4519   -0.5481    0.7038
   -0.5774   -0.5774    0.5774
   -0.5481   -0.7038    0.4519
   -0.7038   -0.4519    0.5481
   -0.3158   -0.6344    0.7056
   -0.2721   -0.7686    0.5790
   -0.1614   -0.8108    0.5627
   -0.4122   -0.7905    0.4530
   -0.7905   -0.4530    0.4122
   -0.7686   -0.5790    0.2721
   -0.6344   -0.7056    0.3158
   -0.8108   -0.5627    0.1614
   -0.5627   -0.1614   -0.8108
   -0.5790   -0.2721   -0.7686
   -0.7056   -0.3158   -0.6344
   -0.4530   -0.4122   -0.7905
   -0.7038   -0.4519   -0.5481
   -0.5774   -0.5774   -0.5774
   -0.5481   -0.7038   -0.4519
   -0.4519   -0.5481   -0.7038
   -0.7905   -0.4530   -0.4122
   -0.7686   -0.5790   -0.2721
   -0.8108   -0.5627   -0.1614
   -0.6344   -0.7056   -0.3158
   -0.3158   -0.6344   -0.7056
   -0.2721   -0.7686   -0.5790
   -0.4122   -0.7905   -0.4530
   -0.1614   -0.8108   -0.5627
